-25.0 10.0 26.767676767676768
-25.0 10.006263732910156 26.767676767676768
-25.0 10.012531280517578 26.767676767676768
-25.0 10.018802642822266 26.767676767676768
-25.0 10.025077819824219 26.767676767676768
-25.0 10.031357765197754 26.767676767676768
-25.0 10.037640571594238 26.767676767676768
-25.0 10.043928146362305 26.767676767676768
-25.0 10.050219535827637 26.767676767676768
-25.0 10.056513786315918 26.767676767676768
-25.0 10.062812805175781 26.767676767676768
-25.0 10.069116592407227 26.767676767676768
-25.0 10.075423240661621 26.767676767676768
-25.0 10.081733703613281 26.767676767676768
-25.0 10.088048934936523 26.767676767676768
-25.0 10.094367980957031 26.767676767676768
-25.0 10.100690841674805 26.767676767676768
-25.0 10.107017517089844 26.767676767676768
-25.0 10.113348007202148 26.767676767676768
-25.0 10.119682312011719 26.767676767676768
-25.0 10.126021385192871 26.767676767676768
-21.71918296813965 10.132363319396973 26.767676767676768
-20.33563232421875 10.138710021972656 26.767676767676768
-21.344511032104492 10.145060539245605 26.767676767676768
-19.981775283813477 10.15141487121582 26.767676767676768
-14.853635787963867 10.157773971557617 26.767676767676768
-11.040704727172852 10.164135932922363 26.767676767676768
-11.294123649597168 10.170502662658691 26.767676767676768
-11.191390991210938 10.176873207092285 26.767676767676768
-10.74213695526123 10.183247566223145 26.767676767676768
-10.64261531829834 10.18962574005127 26.767676767676768
-11.633757591247559 10.196008682250977 26.767676767676768
-11.139808654785156 10.202394485473633 26.767676767676768
-10.344048500061035 10.208785057067871 26.767676767676768
-10.927494049072266 10.215179443359375 26.767676767676768
-10.472261428833008 10.221577644348145 26.767676767676768
-10.369528770446777 10.227980613708496 26.767676767676768
-10.266796112060547 10.234386444091797 26.767676767676768
-11.669851303100586 10.24079704284668 26.767676767676768
-9.746914863586426 10.247211456298828 26.767676767676768
-3.319532871246338 10.253629684448242 26.767676767676768
-1.5430901050567627 10.260052680969238 26.767676767676768
-1.393304705619812 10.2664794921875 26.767676767676768
-1.5341662168502808 10.272910118103027 26.767676767676768
-1.5256582498550415 10.27934455871582 26.767676767676768
-1.5741558074951172 10.285782814025879 26.767676767676768
-1.5654500722885132 10.29222583770752 26.767676767676768
-1.6091210842132568 10.298672676086426 26.767676767676768
-1.7165989875793457 10.305123329162598 26.767676767676768
-1.739466667175293 10.311577796936035 26.767676767676768
-1.7196857929229736 10.318036079406738 26.767676767676768
-1.7105294466018677 10.324499130249023 26.767676767676768
-1.6801241636276245 10.330965995788574 26.767676767676768
-1.6500942707061768 10.337437629699707 26.767676767676768
-1.630435585975647 10.343912124633789 26.767676767676768
-1.491119146347046 10.350391387939453 26.767676767676768
-1.4162700176239014 10.356874465942383 26.767676767676768
-1.3469651937484741 10.363361358642578 26.767676767676768
-1.3161869049072266 10.369853019714355 26.767676767676768
-1.2860466241836548 10.376347541809082 26.767676767676768
-1.2895909547805786 10.382847785949707 26.767676767676768
-1.3143346309661865 10.389350891113281 26.767676767676768
-1.3041139841079712 10.395858764648438 26.767676767676768
-1.3009289503097534 10.402369499206543 26.767676767676768
-1.2833338975906372 10.408885955810547 26.767676767676768
-1.272770643234253 10.4154052734375 26.767676767676768
-1.255077838897705 10.421929359436035 26.767676767676768
-1.2373849153518677 10.428457260131836 26.767676767676768
-1.2196921110153198 10.434988975524902 26.767676767676768
-1.2019991874694824 10.44152545928955 26.767676767676768
-1.1843063831329346 10.448065757751465 26.767676767676768
-1.1666135787963867 10.454609870910645 26.767676767676768
-1.1489206552505493 10.46115779876709 26.767676767676768
-1.1312278509140015 10.467710494995117 26.767676767676768
-1.1135350465774536 10.47426700592041 26.767676767676768
-1.2027536630630493 10.480828285217285 26.767676767676768
-3.181424140930176 10.48739242553711 26.767676767676768
-3.4086101055145264 10.493961334228516 26.767676767676768
-3.4758787155151367 10.500535011291504 26.767676767676768
-3.416902542114258 10.507111549377441 26.767676767676768
-3.357926368713379 10.513692855834961 26.767676767676768
-3.2989501953125 10.520278930664062 26.767676767676768
-3.239974021911621 10.526867866516113 26.767676767676768
-3.180997848510742 10.533461570739746 26.767676767676768
-3.0652577877044678 10.540059089660645 26.767676767676768
-2.2972841262817383 10.546661376953125 26.767676767676768
-2.0277469158172607 10.553267478942871 26.767676767676768
-1.9879379272460938 10.559877395629883 26.767676767676768
-1.9006136655807495 10.566492080688477 26.767676767676768
-1.8617756366729736 10.573110580444336 26.767676767676768
-1.8009746074676514 10.579732894897461 26.767676767676768
-1.7416211366653442 10.586359977722168 26.767676767676768
-1.683664321899414 10.59299087524414 26.767676767676768
-1.5900766849517822 10.599625587463379 26.767676767676768
-1.4863264560699463 10.6062650680542 26.767676767676768
-1.4517101049423218 10.612908363342285 26.767676767676768
-1.4018560647964478 10.619555473327637 26.767676767676768
-1.3676117658615112 10.62620735168457 26.767676767676768
-1.3052966594696045 10.63286304473877 26.767676767676768
-1.271773338317871 10.63952350616455 26.767676767676768
-1.2382501363754272 10.646187782287598 26.767676767676768
-1.2175430059432983 10.65285587310791 26.767676767676768
-1.209394931793213 10.659528732299805 26.767676767676768
-1.2715249061584473 10.666205406188965 26.767676767676768
-1.7778797149658203 10.67288589477539 26.767676767676768
-2.1640465259552 10.679571151733398 26.767676767676768
-2.1418583393096924 10.686260223388672 26.767676767676768
-2.1186835765838623 10.692954063415527 26.767676767676768
-2.047912359237671 10.699651718139648 26.767676767676768
-1.9771409034729004 10.706354141235352 26.767676767676768
-1.9063694477081299 10.713059425354004 26.767676767676768
-1.8355979919433594 10.719770431518555 26.767676767676768
-1.7648266553878784 10.726484298706055 26.767676767676768
-1.694055199623108 10.733202934265137 26.767676767676768
-1.623283863067627 10.7399263381958 26.767676767676768
-1.5525124073028564 10.74665355682373 26.767676767676768
-1.481740951538086 10.753384590148926 26.767676767676768
-1.410969614982605 10.760120391845703 26.767676767676768
-1.3401981592178345 10.766860008239746 26.767676767676768
-1.2982773780822754 10.773603439331055 26.767676767676768
-1.2258975505828857 10.780351638793945 26.767676767676768
-1.153517723083496 10.787104606628418 26.767676767676768
-1.1062805652618408 10.793861389160156 26.767676767676768
-1.0322175025939941 10.80062198638916 26.767676767676768
-0.9581543803215027 10.807387351989746 26.767676767676768
-0.8840912580490112 10.814156532287598 26.767676767676768
-0.8495417237281799 10.820930480957031 26.767676767676768
-0.7718657851219177 10.82770824432373 26.767676767676768
-0.6619019508361816 10.834489822387695 26.767676767676768
-0.3120625913143158 10.841276168823242 26.767676767676768
-0.3201790750026703 10.848067283630371 26.767676767676768
-0.24878476560115814 10.85486125946045 26.767676767676768
-0.1690637618303299 10.861660957336426 26.767676767676768
-0.11828505992889404 10.868464469909668 26.767676767676768
-0.07794585824012756 10.875271797180176 26.767676767676768
-0.0463818795979023 10.882083892822266 26.767676767676768
-0.01963208056986332 10.888899803161621 26.767676767676768
0.0011335420422255993 10.895720481872559 26.767676767676768
0.017097728326916695 10.902544975280762 26.767676767676768
0.030845368281006813 10.909374237060547 26.767676767676768
0.04316272959113121 10.916207313537598 26.767676767676768
0.059905052185058594 10.923044204711914 26.767676767676768
0.07714930176734924 10.929886817932129 26.767676767676768
0.11097079515457153 10.936732292175293 26.767676767676768
0.14512020349502563 10.943582534790039 26.767676767676768
0.18083339929580688 10.950437545776367 26.767676767676768
0.21380041539669037 10.957296371459961 26.767676767676768
0.2503732144832611 10.964159965515137 26.767676767676768
0.2818598747253418 10.971027374267578 26.767676767676768
0.32835209369659424 10.977899551391602 26.767676767676768
0.35863715410232544 10.98477554321289 26.767676767676768
0.3418826162815094 10.991655349731445 26.767676767676768
1.1700326204299927 10.998540878295898 26.767676767676768
1.2477085590362549 11.0054292678833 26.767676767676768
1.325384497642517 11.012323379516602 26.767676767676768
1.4030604362487793 11.019220352172852 26.767676767676768
1.4807363748550415 11.026123046875 26.767676767676768
1.6814448833465576 11.033029556274414 26.767676767676768
1.9729299545288086 11.039939880371094 26.767676767676768
2.0665979385375977 11.046854972839355 26.767676767676768
2.1602659225463867 11.053773880004883 26.767676767676768
2.253934144973755 11.060697555541992 26.767676767676768
2.347602128982544 11.067625999450684 26.767676767676768
2.5152480602264404 11.07455825805664 26.767676767676768
2.6117544174194336 11.08149528503418 26.767676767676768
2.708261013031006 11.088436126708984 26.767676767676768
2.892416477203369 11.095381736755371 26.767676767676768
2.991938591003418 11.102331161499023 26.767676767676768
3.091460943222046 11.109285354614258 26.767676767676768
3.190983295440674 11.116243362426758 26.767676767676768
3.2905056476593018 11.12320613861084 26.767676767676768
3.3900277614593506 11.130173683166504 26.767676767676768
3.4895501136779785 11.137145042419434 26.767676767676768
3.5890724658966064 11.144121170043945 26.767676767676768
3.6885948181152344 11.151101112365723 26.767676767676768
3.788116931915283 11.158085823059082 26.767676767676768
3.887639284133911 11.165075302124023 26.767676767676768
4.115779876708984 11.17206859588623 26.767676767676768
4.218512535095215 11.17906665802002 26.767676767676768
4.321245193481445 11.186068534851074 26.767676767676768
4.423977851867676 11.193075180053711 26.767676767676768
4.526710510253906 11.200085639953613 26.767676767676768
4.629443168640137 11.207100868225098 26.767676767676768
4.732175827026367 11.214120864868164 26.767676767676768
4.834908485412598 11.221144676208496 26.767676767676768
4.937641143798828 11.22817325592041 26.767676767676768
5.040373802185059 11.235206604003906 26.767676767676768
5.143106460571289 11.242243766784668 26.767676767676768
5.081906795501709 11.249285697937012 26.767676767676768
5.34857177734375 11.256331443786621 26.767676767676768
5.451304912567139 11.263381958007812 26.767676767676768
5.554037570953369 11.270437240600586 26.767676767676768
5.6567702293396 11.277496337890625 26.767676767676768
5.75950288772583 11.284560203552246 26.767676767676768
5.8622355461120605 11.29162883758545 26.767676767676768
5.964968204498291 11.298701286315918 26.767676767676768
6.269957542419434 11.305778503417969 26.767676767676768
6.376114845275879 11.312859535217285 26.767676767676768
6.482271671295166 11.3199462890625 26.767676767676768
6.588428974151611 11.327035903930664 26.767676767676768
6.694585800170898 11.334131240844727 26.767676767676768
6.800743579864502 11.341230392456055 26.767676767676768
6.906900405883789 11.348334312438965 26.767676767676768
7.013057708740234 11.35544204711914 26.767676767676768
7.11921501159668 11.362555503845215 26.767676767676768
7.225371837615967 11.369671821594238 26.767676767676768
7.331529140472412 11.37679386138916 26.767676767676768
7.437685966491699 11.383919715881348 26.767676767676768
7.5438432693481445 11.391050338745117 26.767676767676768
7.65000057220459 11.398184776306152 26.767676767676768
7.756157398223877 11.405324935913086 26.767676767676768
7.862314701080322 11.412467956542969 26.767676767676768
8.243247032165527 11.41961669921875 26.767676767676768
8.35306453704834 11.426769256591797 26.767676767676768
8.462882041931152 11.433926582336426 26.767676767676768
8.572699546813965 11.441088676452637 26.767676767676768
8.393099784851074 11.448254585266113 26.767676767676768
8.49925708770752 11.455426216125488 26.767676767676768
8.902153015136719 11.462600708007812 26.767676767676768
9.011970520019531 11.469780921936035 26.767676767676768
9.121788024902344 11.476964950561523 26.767676767676768
9.231605529785156 11.484153747558594 26.767676767676768
9.341423988342285 11.491347312927246 26.767676767676768
9.451241493225098 11.498544692993164 26.767676767676768
9.24235725402832 11.505746841430664 26.767676767676768
9.670876502990723 11.512953758239746 26.767676767676768
10.1300048828125 11.52016544342041 26.767676767676768
10.243744850158691 11.52738094329834 26.767676767676768
10.357484817504883 11.534601211547852 26.767676767676768
10.471223831176758 11.541826248168945 26.767676767676768
10.58496379852295 11.549055099487305 26.767676767676768
10.69870376586914 11.556289672851562 26.767676767676768
10.812443733215332 11.563528060913086 26.767676767676768
10.926183700561523 11.570771217346191 26.767676767676768
11.039922714233398 11.578018188476562 26.767676767676768
11.15366268157959 11.585270881652832 26.767676767676768
11.267402648925781 11.592527389526367 26.767676767676768
11.381142616271973 11.599787712097168 26.767676767676768
11.494882583618164 11.607053756713867 26.767676767676768
11.608621597290039 11.614324569702148 26.767676767676768
11.72236156463623 11.621599197387695 26.767676767676768
12.27447509765625 11.628878593444824 26.767676767676768
12.392427444458008 11.636161804199219 26.767676767676768
12.510379791259766 11.643450736999512 26.767676767676768
13.11403751373291 11.65074348449707 26.767676767676768
12.746284484863281 11.658041000366211 26.767676767676768
12.864236831665039 11.665343284606934 26.767676767676768
12.982189178466797 11.672650337219238 26.767676767676768
13.100141525268555 11.679961204528809 26.767676767676768
13.218093872070312 11.687277793884277 26.767676767676768
13.33604621887207 11.694598197937012 26.767676767676768
13.453998565673828 11.701923370361328 26.767676767676768
13.571950912475586 11.70925235748291 26.767676767676768
13.689903259277344 11.71658706665039 26.767676767676768
13.807855606079102 11.723925590515137 26.767676767676768
13.92580795288086 11.731268882751465 26.767676767676768
14.043760299682617 11.738616943359375 26.767676767676768
14.70639419555664 11.745969772338867 26.767676767676768
14.279664993286133 11.753327369689941 26.767676767676768
14.951372146606445 11.760688781738281 26.767676767676768
15.073861122131348 11.768054962158203 26.767676767676768
15.19635009765625 11.775426864624023 26.767676767676768
15.318839073181152 11.78280258178711 26.767676767676768
15.441328048706055 11.790182113647461 26.767676767676768
15.563817024230957 11.797567367553711 26.767676767676768
15.68630599975586 11.804957389831543 26.767676767676768
15.808794975280762 11.81235122680664 26.767676767676768
15.931283950805664 11.81974983215332 26.767676767676768
16.053773880004883 11.827153205871582 26.767676767676768
16.17626190185547 11.834561347961426 26.767676767676768
16.298751831054688 11.841974258422852 26.767676767676768
16.421239852905273 11.84939193725586 26.767676767676768
16.543729782104492 11.856813430786133 26.767676767676768
16.666217803955078 11.864240646362305 26.767676767676768
17.460254669189453 11.871671676635742 26.767676767676768
17.587644577026367 11.879107475280762 26.767676767676768
17.71503257751465 11.886548042297363 26.767676767676768
17.84242057800293 11.893993377685547 26.767676767676768
17.96980857849121 11.901443481445312 26.767676767676768
18.097198486328125 11.90889835357666 26.767676767676768
18.224586486816406 11.91635799407959 26.767676767676768
18.351974487304688 11.923821449279785 26.767676767676768
18.4793643951416 11.931290626525879 26.767676767676768
18.606752395629883 11.938763618469238 26.767676767676768
18.734140396118164 11.94624137878418 26.767676767676768
18.861528396606445 11.953723907470703 26.767676767676768
18.98891830444336 11.961211204528809 26.767676767676768
19.11630630493164 11.968703269958496 26.767676767676768
19.243694305419922 11.976200103759766 26.767676767676768
19.371082305908203 11.983701705932617 26.767676767676768
19.498472213745117 11.99120807647705 26.767676767676768
20.443605422973633 11.998719215393066 26.767676767676768
20.57630157470703 12.006234169006348 26.767676767676768
20.70899772644043 12.013754844665527 26.767676767676768
20.841693878173828 12.021279335021973 26.767676767676768
20.974390029907227 12.028809547424316 26.767676767676768
21.107086181640625 12.036343574523926 26.767676767676768
21.239782333374023 12.043883323669434 26.767676767676768
21.372478485107422 12.051426887512207 26.767676767676768
21.505176544189453 12.058975219726562 26.767676767676768
21.63787269592285 12.0665283203125 26.767676767676768
21.77056884765625 12.074087142944336 26.767676767676768
21.90326499938965 12.081649780273438 26.767676767676768
22.035961151123047 12.089217185974121 26.767676767676768
23.13251304626465 12.096789360046387 26.767676767676768
23.270978927612305 12.104366302490234 26.767676767676768
23.40944480895996 12.111948013305664 26.767676767676768
23.547908782958984 12.119534492492676 26.767676767676768
23.68637466430664 12.12712574005127 26.767676767676768
23.824840545654297 12.134721755981445 26.767676767676768
25.052547454833984 12.142322540283203 26.767676767676768
25.197307586669922 12.149928092956543 26.767676767676768
25.34206771850586 12.157538414001465 26.767676767676768
25.486827850341797 12.165153503417969 26.767676767676768
25.631587982177734 12.172773361206055 26.767676767676768
25.77634620666504 12.180397987365723 26.767676767676768
25.921106338500977 12.188027381896973 26.767676767676768
26.065866470336914 12.195661544799805 26.767676767676768
26.21062660217285 12.203300476074219 26.767676767676768
26.355384826660156 12.210944175720215 26.767676767676768
26.500144958496094 12.218592643737793 26.767676767676768
26.64490509033203 12.226245880126953 26.767676767676768
26.64490509033203 12.233903884887695 28.535353535353536
26.64490509033203 12.24156665802002 30.303030303030305
26.64490509033203 12.249234199523926 32.07070707070707
26.64490509033203 12.256906509399414 33.83838383838384
26.64490509033203 12.264583587646484 35.60606060606061
26.64490509033203 12.272266387939453 37.37373737373737
26.64490509033203 12.279953002929688 39.141414141414145
26.64490509033203 12.287644386291504 40.90909090909091
26.64490509033203 12.295341491699219 42.67676767676768
26.64490509033203 12.3030424118042 44.44444444444444
26.64490509033203 12.310749053955078 46.21212121212121
26.64490509033203 12.318459510803223 47.97979797979798
26.64490509033203 12.326175689697266 49.74747474747475
27.91370964050293 12.33389663696289 51.515151515151516
27.91370964050293 12.341621398925781 53.282828282828284
27.91370964050293 12.34935188293457 55.05050505050505
27.91370964050293 12.357087135314941 56.81818181818182
27.91370964050293 12.364827156066895 58.58585858585859
27.91370964050293 12.37257194519043 60.35353535353536
27.91370964050293 12.380322456359863 62.121212121212125
27.91370964050293 12.388076782226562 63.88888888888889
27.91370964050293 12.395835876464844 65.65656565656566
27.91370964050293 12.403600692749023 67.42424242424242
27.91370964050293 12.411369323730469 69.1919191919192
27.91370964050293 12.419143676757812 70.95959595959596
27.91370964050293 12.426922798156738 72.72727272727272
27.91370964050293 12.434706687927246 74.4949494949495
27.91370964050293 12.44249439239502 76.26262626262627
27.91370964050293 12.450288772583008 78.03030303030303
27.91370964050293 12.458086967468262 79.79797979797979
27.91370964050293 12.465889930725098 81.56565656565657
27.91370964050293 12.473698616027832 83.33333333333334
27.91370964050293 12.481511116027832 85.1010101010101
27.91370964050293 12.48932933807373 86.86868686868686
27.91370964050293 12.497152328491211 88.63636363636364
27.91370964050293 12.504980087280273 90.4040404040404
27.91370964050293 12.512812614440918 92.17171717171718
27.91370964050293 12.520649909973145 93.93939393939394
27.91370964050293 12.52849292755127 95.70707070707071
27.91370964050293 12.53633975982666 97.47474747474747
27.91370964050293 12.54419231414795 99.24242424242425
27.91370964050293 12.55204963684082 101.01010101010101
27.91370964050293 12.559911727905273 102.77777777777779
27.91370964050293 12.567778587341309 104.54545454545455
27.91370964050293 12.575651168823242 106.31313131313132
27.91370964050293 12.583527565002441 108.08080808080808
27.91370964050293 12.591409683227539 109.84848484848484
27.91370964050293 12.599296569824219 111.61616161616162
27.91370964050293 12.60718822479248 113.38383838383838
27.91370964050293 12.615084648132324 115.15151515151516
27.91370964050293 12.622986793518066 116.91919191919192
30.85199546813965 12.630892753601074 118.68686868686869
30.85199546813965 12.63880443572998 120.45454545454545
30.85199546813965 12.646720886230469 122.22222222222223
30.85199546813965 12.654642105102539 123.98989898989899
30.85199546813965 12.662569046020508 125.75757575757576
30.85199546813965 12.670500755310059 127.52525252525253
30.85199546813965 12.678436279296875 129.2929292929293
30.85199546813965 12.68637752532959 131.06060606060606
30.85199546813965 12.694324493408203 132.82828282828285
30.85199546813965 12.702275276184082 134.59595959595958
30.85199546813965 12.71023178100586 136.36363636363637
30.85199546813965 12.718193054199219 138.13131313131314
30.85199546813965 12.72615909576416 139.8989898989899
30.85199546813965 12.734130859375 141.66666666666669
30.85199546813965 12.742106437683105 143.43434343434342
30.85199546813965 12.75008773803711 145.2020202020202
30.85199546813965 12.758073806762695 146.96969696969697
30.85199546813965 12.76606559753418 148.73737373737373
30.85199546813965 12.77406120300293 150.50505050505052
30.85199546813965 12.782062530517578 152.27272727272728
30.85199546813965 12.790068626403809 154.04040404040404
30.85199546813965 12.798080444335938 155.8080808080808
30.85199546813965 12.806096076965332 157.5757575757576
30.85199546813965 12.814117431640625 159.34343434343435
30.85199546813965 12.8221435546875 161.11111111111111
30.85199546813965 12.830175399780273 162.87878787878788
30.85199546813965 12.838212013244629 164.64646464646466
30.85199546813965 12.846253395080566 166.41414141414143
30.85199546813965 12.854299545288086 168.1818181818182
30.85199546813965 12.862350463867188 169.94949494949495
30.85199546813965 12.870407104492188 171.7171717171717
30.85199546813965 12.87846851348877 173.4848484848485
30.85199546813965 12.88653564453125 175.25252525252526
30.85199546813965 12.894607543945312 177.02020202020202
30.85199546813965 12.902684211730957 178.78787878787878
30.85199546813965 12.910765647888184 180.55555555555557
30.85199546813965 12.918852806091309 182.32323232323233
30.85199546813965 12.926944732666016 184.0909090909091
30.85199546813965 12.935041427612305 185.85858585858585
30.85199546813965 12.943143844604492 187.62626262626264
30.85199546813965 12.951250076293945 189.3939393939394
30.85199546813965 12.959362983703613 191.16161616161617
30.85199546813965 12.967479705810547 192.92929292929293
30.85199546813965 12.975602149963379 194.6969696969697
30.85199546813965 12.983729362487793 196.46464646464648
30.85199546813965 12.991862297058105 198.23232323232324
30.85199546813965 13.0 200.0
