-25.0 10.0 1.0
-25.0 10.006089210510254 1.0
-25.0 10.012182235717773 1.0
-25.0 10.018279075622559 1.0
-25.0 10.024378776550293 1.0
-25.0 10.03048324584961 1.0
-25.0 10.036590576171875 1.0
-25.0 10.042702674865723 1.0
-25.0 10.04881763458252 1.0
-25.0 10.054936408996582 1.0
-25.0 10.06105899810791 1.0
-25.0 10.067185401916504 1.0
-25.0 10.073315620422363 1.0
-25.0 10.079449653625488 1.0
-25.0 10.085586547851562 1.0
-25.0 10.091728210449219 1.0
-25.0 10.09787368774414 1.0
-25.0 10.104022026062012 1.0
-25.0 10.110174179077148 1.0
-25.0 10.116331100463867 1.0
-25.0 10.122490882873535 1.0
-21.71918296813965 10.128654479980469 1.0
-21.53184700012207 10.134821891784668 1.0
-21.344511032104492 10.140993118286133 1.0
-21.157175064086914 10.147168159484863 1.0
-14.259490013122559 10.15334701538086 1.0
-11.040704727172852 10.159529685974121 1.0
-10.941182136535645 10.165716171264648 1.0
-10.841659545898438 10.171906471252441 1.0
-10.74213695526123 10.1781005859375 1.0
-10.985925674438477 10.184297561645508 1.0
-11.245965957641602 10.190499305725098 1.0
-10.12709903717041 10.196704864501953 1.0
-10.677726745605469 10.202913284301758 1.0
-10.927494049072266 10.209126472473145 1.0
-11.194486618041992 10.21534252166748 1.0
-11.08466911315918 10.221563339233398 1.0
-10.974851608276367 10.227787017822266 1.0
-10.865034103393555 10.234015464782715 1.0
-10.755215644836426 10.240246772766113 1.0
-10.645398139953613 10.246481895446777 1.0
-10.5355806350708 10.252721786499023 1.0
-10.798111915588379 10.258964538574219 1.0
-10.684371948242188 10.26521110534668 1.0
-10.570631980895996 10.271462440490723 1.0
-10.456892013549805 10.277716636657715 1.0
-10.343152046203613 10.283974647521973 1.0
-10.229413032531738 10.290237426757812 1.0
-10.115673065185547 10.296503067016602 1.0
-10.001933097839355 10.302772521972656 1.0
-9.888193130493164 10.309045791625977 1.0
-9.774454116821289 10.315323829650879 1.0
-9.660714149475098 10.32160472869873 1.0
-9.546974182128906 10.327889442443848 1.0
-9.433234214782715 10.334178924560547 1.0
-9.319494247436523 10.340471267700195 1.0
-8.888315200805664 10.34676742553711 1.0
-7.955513000488281 10.353068351745605 1.0
-5.7134480476379395 10.35937213897705 1.0
-6.053829193115234 10.365680694580078 1.0
-5.213240146636963 10.371992111206055 1.0
-5.374168395996094 10.378308296203613 1.0
-4.339142799377441 10.384627342224121 1.0
-3.860133409500122 10.390951156616211 1.0
-2.9779927730560303 10.39727783203125 1.0
-2.663938522338867 10.403609275817871 1.0
-2.5383596420288086 10.409944534301758 1.0
-2.5025763511657715 10.416282653808594 1.0
-2.523500919342041 10.422625541687012 1.0
-2.458634853363037 10.428972244262695 1.0
-2.39522647857666 10.435322761535645 1.0
-2.3332271575927734 10.44167709350586 1.0
-2.323659896850586 10.44803524017334 1.0
-2.287876605987549 10.454397201538086 1.0
-2.2520933151245117 10.460762977600098 1.0
-2.3206069469451904 10.467132568359375 1.0
-2.8539247512817383 10.473505973815918 1.0
-3.4086101055145264 10.479884147644043 1.0
-3.4758787155151367 10.486265182495117 1.0
-3.416902542114258 10.492650985717773 1.0
-3.357926368713379 10.499039649963379 1.0
-3.2989501953125 10.505433082580566 1.0
-3.3011057376861572 10.511829376220703 1.0
-3.3033440113067627 10.518230438232422 1.0
-3.3056700229644775 10.524635314941406 1.0
-2.625467538833618 10.531044006347656 1.0
-2.351010799407959 10.537456512451172 1.0
-2.3048555850982666 10.543872833251953 1.0
-2.258700370788574 10.55029296875 1.0
-2.2125449180603027 10.556717872619629 1.0
-2.1982483863830566 10.563145637512207 1.0
-2.151414394378662 10.569578170776367 1.0
-2.6020267009735107 10.576013565063477 1.0
-2.45485520362854 10.582453727722168 1.0
-2.3989832401275635 10.588897705078125 1.0
-2.3849523067474365 10.595345497131348 1.0
-2.4143075942993164 10.601797103881836 1.0
-2.051417827606201 10.60825252532959 1.0
-1.3333675861358643 10.614712715148926 1.0
-1.2853028774261475 10.621175765991211 1.0
-1.2514230012893677 10.627643585205078 1.0
-1.244011402130127 10.634115219116211 1.0
-1.278900384902954 10.640589714050293 1.0
-1.3343162536621094 10.647068977355957 1.0
-1.7195886373519897 10.653552055358887 1.0
-2.1640465259552 10.660039901733398 1.0
-2.1418583393096924 10.66653060913086 1.0
-2.0726253986358643 10.673026084899902 1.0
-2.003392457962036 10.679524421691895 1.0
-1.934159517288208 10.686027526855469 1.0
-1.8649265766143799 10.692534446716309 1.0
-1.7956937551498413 10.699045181274414 1.0
-1.7264608144760132 10.705560684204102 1.0
-1.6572279930114746 10.712079048156738 1.0
-1.5879950523376465 10.718602180480957 1.0
-1.5187621116638184 10.725129127502441 1.0
-1.4495292901992798 10.731659889221191 1.0
-1.410969614982605 10.738194465637207 1.0
-1.5463825464248657 10.744732856750488 1.0
-1.4647232294082642 10.751276016235352 1.0
-1.4578241109848022 10.757822036743164 1.0
-1.4098548889160156 10.764372825622559 1.0
-1.3213906288146973 10.770927429199219 1.0
-1.232926368713379 10.777485847473145 1.0
-1.1444621086120605 10.784049034118652 1.0
-1.0861692428588867 10.79061508178711 1.0
-0.9413840770721436 10.797185897827148 1.0
-0.7911624312400818 10.803760528564453 1.0
-0.6941898465156555 10.810338973999023 1.0
-0.5878388285636902 10.816922187805176 1.0
-0.5020989775657654 10.823508262634277 1.0
-0.4110357165336609 10.830099105834961 1.0
-0.32756102085113525 10.83669376373291 1.0
-0.24111954867839813 10.843292236328125 1.0
-0.15589171648025513 10.849895477294922 1.0
-0.07808595150709152 10.856501579284668 1.0
-0.03014218620955944 10.863112449645996 1.0
0.0016311947256326675 10.86972713470459 1.0
0.01891257055103779 10.876346588134766 1.0
0.030845368281006813 10.88296890258789 1.0
0.042046453803777695 10.889595985412598 1.0
0.0688270777463913 10.89622688293457 1.0
0.09597741067409515 10.902861595153809 1.0
0.11033667623996735 10.909501075744629 1.0
0.13550379872322083 10.916143417358398 1.0
0.20061205327510834 10.92279052734375 1.0
0.2531847059726715 10.929441452026367 1.0
0.26930898427963257 10.936097145080566 1.0
0.303728312253952 10.942755699157715 1.0
0.35903921723365784 10.949419021606445 1.0
0.39620867371559143 10.956087112426758 1.0
0.44343191385269165 10.96275806427002 1.0
0.4895034432411194 10.969433784484863 1.0
0.581318736076355 10.976113319396973 1.0
0.5175310969352722 10.982796669006348 1.0
0.7569141983985901 10.989483833312988 1.0
0.3891678750514984 10.996175765991211 1.0
0.4018547534942627 11.0028715133667 1.0
0.4218843877315521 11.009571075439453 1.0
0.44754350185394287 11.016275405883789 1.0
0.45060762763023376 11.02298355102539 1.0
0.5593705177307129 11.029695510864258 1.0
0.5912479162216187 11.036412239074707 1.0
0.6148384213447571 11.043131828308105 1.0
0.6384288668632507 11.049856185913086 1.0
0.6571515202522278 11.056585311889648 1.0
0.6756008863449097 11.06331729888916 1.0
0.6988469958305359 11.070054054260254 1.0
0.7220930457115173 11.076794624328613 1.0
0.7453391551971436 11.083539962768555 1.0
0.7630158066749573 11.090289115905762 1.0
0.7860934138298035 11.097042083740234 1.0
0.8091710209846497 11.103798866271973 1.0
0.8322486877441406 11.110560417175293 1.0
0.8553262948989868 11.117325782775879 1.0
0.8784039616584778 11.12409496307373 1.0
0.901481568813324 11.130868911743164 1.0
0.9245592355728149 11.137646675109863 1.0
0.9476368427276611 11.144429206848145 1.0
0.9707144498825073 11.151214599609375 1.0
0.9937921166419983 11.158004760742188 1.0
1.0168697834014893 11.164799690246582 1.0
1.0399473905563354 11.171597480773926 1.0
1.0630249977111816 11.178400039672852 1.0
1.0861026048660278 11.18520736694336 1.0
1.0933347940444946 11.192017555236816 1.0
1.108167290687561 11.198833465576172 1.0
1.1149392127990723 11.205652236938477 1.0
1.0841400623321533 11.212475776672363 1.0
1.0110105276107788 11.219303131103516 1.0
0.9285189509391785 11.226134300231934 1.0
0.9207227826118469 11.232970237731934 1.0
0.9278299808502197 11.2398099899292 1.0
0.9397083520889282 11.246654510498047 1.0
0.9564700126647949 11.25350284576416 1.0
0.9732316136360168 11.260354995727539 1.0
0.9899932742118835 11.2672119140625 1.0
1.006754994392395 11.274072647094727 1.0
1.028931975364685 11.280938148498535 1.0
1.0457823276519775 11.28780746459961 1.0
1.0682849884033203 11.29468059539795 1.0
1.0794830322265625 11.301557540893555 1.0
1.096333384513855 11.308439254760742 1.0
1.1131837368011475 11.315325736999512 1.0
1.1421200037002563 11.322216033935547 1.0
1.3547571897506714 11.329110145568848 1.0
2.0947225093841553 11.336008071899414 1.0
3.9844746589660645 11.342910766601562 1.0
5.657882213592529 11.349818229675293 1.0
6.039474010467529 11.356729507446289 1.0
6.123282432556152 11.36364459991455 1.0
5.896736145019531 11.370564460754395 1.0
5.312314510345459 11.377488136291504 1.0
6.055971622467041 11.384415626525879 1.0
7.43707799911499 11.391347885131836 1.0
7.5335845947265625 11.398284912109375 1.0
7.40567684173584 11.405224800109863 1.0
7.968053817749023 11.41217041015625 1.0
8.327820777893066 11.419118881225586 1.0
8.430553436279297 11.426072120666504 1.0
8.533286094665527 11.433030128479004 1.0
8.636018753051758 11.43999195098877 1.0
8.738751411437988 11.4469575881958 1.0
8.841484069824219 11.453927993774414 1.0
8.155020713806152 11.460902214050293 1.0
9.04694938659668 11.467881202697754 1.0
9.454670906066895 11.47486400604248 1.0
9.56082820892334 11.481851577758789 1.0
9.666985511779785 11.488842964172363 1.0
9.77314281463623 11.49583911895752 1.0
9.879300117492676 11.502839088439941 1.0
9.985456466674805 11.509842872619629 1.0
10.09161376953125 11.516851425170898 1.0
10.197771072387695 11.52386474609375 1.0
10.30392837524414 11.530881881713867 1.0
10.410085678100586 11.53790283203125 1.0
10.516242027282715 11.544928550720215 1.0
10.62239933013916 11.551959037780762 1.0
10.728556632995605 11.558992385864258 1.0
10.485206604003906 11.566031455993652 1.0
10.587939262390137 11.573074340820312 1.0
11.047027587890625 11.580121040344238 1.0
11.15318489074707 11.587172508239746 1.0
11.647595405578613 11.59422779083252 1.0
11.757412910461426 11.601287841796875 1.0
11.867230415344238 11.608352661132812 1.0
11.977048873901367 11.615421295166016 1.0
12.518540382385254 11.622493743896484 1.0
12.632279396057129 11.629570960998535 1.0
12.74601936340332 11.636651992797852 1.0
12.859759330749512 11.64373779296875 1.0
12.973499298095703 11.65082836151123 1.0
13.087239265441895 11.657922744750977 1.0
13.20097827911377 11.665021896362305 1.0
13.314718246459961 11.672124862670898 1.0
13.428458213806152 11.679231643676758 1.0
13.542198181152344 11.6863431930542 1.0
13.655937194824219 11.693459510803223 1.0
13.76967716217041 11.700579643249512 1.0
13.883417129516602 11.707704544067383 1.0
13.997157096862793 11.71483325958252 1.0
14.110897064208984 11.721966743469238 1.0
14.22463607788086 11.729104995727539 1.0
14.869426727294922 11.736247062683105 1.0
14.98737907409668 11.743392944335938 1.0
15.105331420898438 11.750544548034668 1.0
15.223283767700195 11.757699012756348 1.0
15.341236114501953 11.764859199523926 1.0
15.459188461303711 11.772022247314453 1.0
15.577140808105469 11.779191017150879 1.0
15.695093154907227 11.78636360168457 1.0
15.813045501708984 11.793540000915527 1.0
15.930997848510742 11.800721168518066 1.0
16.0489501953125 11.807907104492188 1.0
16.166902542114258 11.81509780883789 1.0
16.911195755004883 11.822291374206543 1.0
17.0336856842041 11.829490661621094 1.0
17.156173706054688 11.83669376373291 1.0
17.278663635253906 11.843901634216309 1.0
16.756664276123047 11.851113319396973 1.0
17.52364158630371 11.858329772949219 1.0
17.646129608154297 11.865550994873047 1.0
17.768619537353516 11.87277603149414 1.0
17.228473663330078 11.8800048828125 1.0
17.346426010131836 11.887239456176758 1.0
17.464378356933594 11.894477844238281 1.0
18.258575439453125 11.90172004699707 1.0
18.38106346130371 11.908967971801758 1.0
18.50355339050293 11.916218757629395 1.0
18.626041412353516 11.92347526550293 1.0
18.748531341552734 11.93073558807373 1.0
18.87101936340332 11.938000679016113 1.0
18.99350929260254 11.945269584655762 1.0
19.115997314453125 11.952543258666992 1.0
19.238487243652344 11.959821701049805 1.0
19.36097526550293 11.967103958129883 1.0
19.48346519470215 11.974390983581543 1.0
19.605953216552734 11.981682777404785 1.0
19.728443145751953 11.988978385925293 1.0
19.85093116760254 11.996278762817383 1.0
19.973421096801758 12.003583908081055 1.0
20.89974594116211 12.010892868041992 1.0
21.02713394165039 12.018206596374512 1.0
21.154521942138672 12.025524139404297 1.0
21.281911849975586 12.03284740447998 1.0
21.409299850463867 12.04017448425293 1.0
21.53668785095215 12.047505378723145 1.0
21.664077758789062 12.054841995239258 1.0
22.699443817138672 12.062182426452637 1.0
22.83213996887207 12.069526672363281 1.0
23.963306427001953 12.076876640319824 1.0
24.10177230834961 12.084230422973633 1.0
24.240238189697266 12.091588020324707 1.0
24.378704071044922 12.09895133972168 1.0
24.517169952392578 12.106318473815918 1.0
24.655635833740234 12.113690376281738 1.0
24.79410171508789 12.121066093444824 1.0
24.932567596435547 12.128447532653809 1.0
25.071033477783203 12.135832786560059 1.0
25.20949935913086 12.143221855163574 1.0
26.500144958496094 12.150616645812988 1.0
25.486431121826172 12.158015251159668 1.0
25.624897003173828 12.16541862487793 1.0
25.763362884521484 12.172825813293457 1.0
25.90182876586914 12.180238723754883 1.0
26.040294647216797 12.187655448913574 1.0
26.178760528564453 12.195076942443848 1.0
26.31722640991211 12.202502250671387 1.0
26.455692291259766 12.209932327270508 1.0
26.594158172607422 12.217367172241211 1.0
26.732622146606445 12.224806785583496 1.0
26.8710880279541 12.232251167297363 1.0
27.009553909301758 12.239699363708496 1.0
27.148019790649414 12.247152328491211 1.0
27.148019790649414 12.254610061645508 2.0
27.148019790649414 12.26207160949707 3.0
27.148019790649414 12.269538879394531 4.0
27.148019790649414 12.277009963989258 5.0
27.148019790649414 12.284485816955566 6.0
27.148019790649414 12.29196548461914 7.0
27.148019790649414 12.299450874328613 8.0
28.382020950317383 12.306940078735352 9.0
28.382020950317383 12.314434051513672 10.0
28.382020950317383 12.321931838989258 11.0
28.382020950317383 12.329435348510742 12.0
28.382020950317383 12.336942672729492 13.0
28.382020950317383 12.344454765319824 14.0
28.382020950317383 12.351971626281738 15.0
28.382020950317383 12.359493255615234 16.0
28.382020950317383 12.367019653320312 17.0
28.382020950317383 12.374549865722656 18.0
28.382020950317383 12.382084846496582 19.0
28.382020950317383 12.38962459564209 20.0
28.382020950317383 12.39716911315918 21.0
28.382020950317383 12.404717445373535 22.0
28.382020950317383 12.412271499633789 23.0
28.382020950317383 12.419829368591309 24.0
28.382020950317383 12.42739200592041 25.0
28.382020950317383 12.434959411621094 26.0
28.382020950317383 12.442530632019043 27.0
28.382020950317383 12.45010757446289 28.0
28.382020950317383 12.457688331604004 29.0
28.382020950317383 12.465274810791016 30.0
28.382020950317383 12.472865104675293 31.0
28.382020950317383 12.480459213256836 32.0
28.382020950317383 12.488059043884277 33.0
28.382020950317383 12.4956636428833 34.0
28.382020950317383 12.50327205657959 35.0
28.382020950317383 12.510886192321777 36.0
28.382020950317383 12.51850414276123 37.0
29.733545303344727 12.526126861572266 38.0
29.733545303344727 12.533754348754883 39.0
29.733545303344727 12.541385650634766 40.0
29.733545303344727 12.549022674560547 41.0
29.733545303344727 12.55666446685791 42.0
29.733545303344727 12.564310073852539 43.0
29.733545303344727 12.57196044921875 44.0
29.733545303344727 12.57961654663086 45.0
29.733545303344727 12.587276458740234 46.0
29.733545303344727 12.594941139221191 47.0
29.733545303344727 12.602609634399414 48.0
29.733545303344727 12.610283851623535 49.0
29.733545303344727 12.617962837219238 50.0
29.733545303344727 12.625645637512207 51.0
29.733545303344727 12.633334159851074 52.0
29.733545303344727 12.641026496887207 53.0
29.733545303344727 12.648723602294922 54.0
29.733545303344727 12.656426429748535 55.0
29.733545303344727 12.664133071899414 56.0
29.733545303344727 12.671844482421875 57.0
29.733545303344727 12.679560661315918 58.0
29.733545303344727 12.687280654907227 59.0
29.733545303344727 12.695006370544434 60.0
29.733545303344727 12.702736854553223 61.0
29.733545303344727 12.710472106933594 62.0
29.733545303344727 12.71821117401123 63.0
32.8633918762207 12.725955963134766 64.0
32.8633918762207 12.733704566955566 65.0
32.8633918762207 12.741458892822266 66.0
32.8633918762207 12.74921703338623 67.0
32.8633918762207 12.756980895996094 68.0
32.8633918762207 12.764748573303223 69.0
32.8633918762207 12.772521018981934 70.0
32.8633918762207 12.780298233032227 71.0
32.8633918762207 12.788081169128418 72.0
32.8633918762207 12.795867919921875 73.0
32.8633918762207 12.803659439086914 74.0
32.8633918762207 12.811455726623535 75.0
32.8633918762207 12.819256782531738 76.0
32.8633918762207 12.827062606811523 77.0
32.8633918762207 12.83487319946289 78.0
32.8633918762207 12.84268856048584 79.0
32.8633918762207 12.850508689880371 80.0
32.8633918762207 12.858333587646484 81.0
32.8633918762207 12.86616325378418 82.0
32.8633918762207 12.873997688293457 83.0
32.8633918762207 12.881836891174316 84.0
32.8633918762207 12.889680862426758 85.0
32.8633918762207 12.897529602050781 86.0
32.8633918762207 12.905383110046387 87.0
32.8633918762207 12.913241386413574 88.0
32.8633918762207 12.92110538482666 89.0
32.8633918762207 12.928973197937012 90.0
32.8633918762207 12.936845779418945 91.0
32.8633918762207 12.944723129272461 92.0
32.8633918762207 12.952605247497559 93.0
32.8633918762207 12.960492134094238 94.0
32.8633918762207 12.968384742736816 95.0
32.8633918762207 12.97628116607666 96.0
32.8633918762207 12.984182357788086 97.0
32.8633918762207 12.99208927154541 98.0
32.8633918762207 13.0 99.0
